1 175
1 187
1 324
2 178
4 74
4 178
4 213
4 261
4 370
4 398
4 409
4 450
5 496
7 39
7 139
7 175
7 223
7 393
7 511
8 216
11 169
12 131
12 256
13 13
13 84
15 271
16 65
16 433
18 508
20 301
20 475
21 172
21 209
21 212
21 341
21 511
24 4
24 177
31 66
31 87
31 308
31 364
31 450
31 496
32 4
32 13
32 107
32 133
32 234
32 246
32 269
32 444
32 450
34 450
37 66
37 294
37 491
39 7
39 169
39 320
39 325
40 113
40 178
40 183
40 298
40 450
40 491
43 131
43 175
43 341
45 282
45 352
46 217
46 282
46 303
46 349
46 475
47 122
47 265
47 320
49 56
49 408
52 491
55 169
56 10
56 117
56 132
56 142
56 197
56 230
56 297
56 494
57 310
57 372
58 207
60 123
60 253
60 325
63 46
63 143
63 175
63 181
63 191
63 199
63 234
63 246
63 260
63 337
63 370
63 372
63 383
63 395
63 400
63 419
63 438
63 491
63 500
63 505
65 16
65 46
65 69
65 99
65 114
65 120
65 131
65 164
65 187
65 265
65 268
65 343
65 398
65 426
65 506
66 65
66 146
66 372
66 401
67 131
68 169
68 294
69 190
69 234
69 438
70 66
70 87
70 122
70 508
72 4
72 7
72 177
72 216
72 268
73 393
74 87
74 187
74 489
74 504
74 511
75 74
75 107
75 254
75 307
76 133
78 372
79 175
82 177
83 131
84 39
84 212
84 282
84 299
84 304
84 307
84 508
84 511
86 175
86 476
87 13
87 123
87 180
87 310
87 335
87 404
87 475
93 84
93 172
93 209
93 261
93 299
93 337
96 49
96 130
96 198
96 300
96 450
97 60
97 209
97 261
97 301
99 72
99 132
99 190
99 271
99 335
99 460
100 185
103 131
103 175
104 306
107 56
107 87
107 237
107 327
107 432
108 63
108 269
108 414
108 418
108 433
108 496
110 16
110 32
110 56
110 175
110 261
110 292
110 377
110 409
110 450
111 122
111 294
111 337
113 32
114 292
114 495
117 32
117 74
117 139
117 172
117 177
117 256
117 350
118 450
120 181
120 246
120 294
120 337
120 346
120 401
121 32
121 53
121 121
121 300
121 324
121 434
122 121
122 131
122 163
122 175
122 223
122 234
122 246
122 254
122 364
122 404
122 409
122 433
122 438
123 4
123 31
123 60
123 288
123 306
123 495
124 63
124 177
126 237
126 511
128 246
128 288
131 17
131 49
131 52
131 78
131 93
131 241
131 256
131 271
131 282
131 358
131 365
131 389
131 426
131 479
131 487
132 63
132 65
132 401
133 18
133 87
133 110
133 133
133 181
133 191
133 213
133 304
133 335
133 341
133 365
133 394
133 401
139 60
139 281
139 292
139 355
142 389
142 438
142 476
146 337
146 508
148 372
152 65
152 133
152 175
152 253
154 177
157 47
157 87
157 297
157 325
158 418
161 172
163 65
163 121
163 164
163 194
163 287
163 300
163 308
163 393
163 450
164 131
164 294
164 320
164 337
164 433
164 475
165 110
165 269
169 84
169 161
169 194
169 195
169 216
169 255
169 297
169 320
169 343
169 352
169 401
169 461
169 465
171 40
171 113
171 178
171 183
171 212
171 260
171 287
171 307
171 349
171 398
171 418
172 13
172 122
172 234
172 243
172 286
172 433
172 505
173 438
175 17
175 21
175 55
175 146
175 171
175 223
175 332
175 455
177 58
177 113
177 133
177 139
177 154
177 178
177 179
177 194
177 230
177 232
177 235
177 244
177 327
177 339
177 346
177 347
177 370
177 381
177 438
177 460
177 476
178 110
178 120
178 180
178 212
178 235
178 256
178 364
178 370
178 381
178 475
178 507
179 133
179 172
179 187
179 262
179 310
179 393
180 237
180 450
181 117
181 178
181 389
181 409
181 418
182 212
183 0
183 172
183 450
185 37
185 169
185 475
187 131
187 171
187 254
187 321
187 336
187 364
187 398
188 65
188 341
188 460
188 491
188 496
190 100
190 114
190 341
190 450
191 194
194 49
194 157
194 191
194 213
194 217
194 292
195 177
196 65
197 12
197 30
197 55
197 237
197 297
197 321
197 364
197 438
197 494
197 495
198 97
198 110
198 198
198 254
198 383
199 87
199 131
205 63
205 84
205 131
205 349
205 372
205 487
208 306
209 172
209 301
209 372
209 438
209 496
211 450
212 11
212 18
212 69
212 120
212 163
212 223
212 230
212 234
212 372
212 405
212 438
213 49
213 84
213 87
213 355
213 495
216 122
216 169
216 254
217 74
217 99
217 171
217 197
217 269
217 320
217 325
217 341
217 381
220 142
220 246
221 99
223 39
223 46
223 187
223 256
223 325
225 163
225 209
225 213
225 246
230 65
234 43
234 73
234 84
234 86
234 114
234 268
234 271
234 280
234 303
234 327
234 400
234 420
234 434
235 122
235 175
235 292
235 337
237 128
237 274
237 498
238 261
239 212
239 398
239 508
240 292
240 464
243 133
243 265
246 1
246 8
246 75
246 126
246 130
246 169
246 240
246 288
246 304
246 324
246 347
246 404
246 408
246 475
246 504
247 123
247 234
247 261
247 335
248 108
248 121
248 177
248 282
248 341
248 496
253 18
253 212
253 292
253 470
254 32
254 75
254 99
254 121
254 194
254 198
254 205
254 216
254 223
254 303
254 306
254 372
254 511
255 450
256 58
256 70
256 141
256 177
256 209
256 248
256 282
256 307
256 364
257 63
257 268
257 341
260 7
260 8
260 110
260 165
260 335
261 65
261 122
261 185
261 197
261 398
261 450
262 292
263 292
264 65
264 133
265 190
265 246
265 294
265 398
267 372
268 126
268 225
268 246
268 324
268 325
268 351
268 368
268 393
268 421
268 433
268 461
269 4
269 133
269 178
269 194
269 235
269 237
269 297
269 337
269 401
269 507
269 511
270 99
271 99
271 142
271 271
271 282
271 304
271 366
271 434
272 43
272 63
272 110
272 212
274 7
274 56
274 139
274 163
274 223
274 254
274 261
274 303
280 177
280 197
280 234
280 364
281 72
281 291
281 308
282 47
282 66
282 69
282 183
282 230
282 381
286 108
286 372
287 32
287 246
287 389
288 177
288 235
288 241
288 246
288 254
288 352
291 237
291 254
292 67
292 69
292 97
292 190
292 217
292 294
292 306
292 315
292 324
292 325
292 418
292 433
294 12
294 67
294 99
294 131
294 185
294 260
294 347
294 377
294 398
294 406
294 420
294 439
294 495
297 87
297 93
297 292
297 372
297 438
297 487
298 87
298 133
298 175
298 496
299 46
299 58
299 234
299 282
299 288
300 123
300 237
301 4
301 84
301 96
301 152
301 282
301 337
301 406
301 470
301 508
303 194
303 291
303 327
303 366
303 433
304 165
304 171
304 401
304 460
306 70
306 73
306 87
306 242
306 303
306 347
306 366
306 373
307 49
307 113
307 122
307 253
307 256
307 377
307 506
308 121
308 172
308 220
308 306
308 325
308 341
308 450
310 60
310 84
310 111
310 207
310 257
310 300
310 314
310 337
310 344
312 372
314 294
315 8
315 93
315 163
315 223
315 306
317 212
317 450
317 511
320 121
320 133
320 175
320 177
320 268
320 288
320 460
321 65
321 172
321 475
324 60
324 70
324 96
324 120
324 223
324 261
324 327
325 72
325 364
325 401
325 420
325 450
326 7
326 63
326 87
326 110
326 191
326 268
326 300
326 401
326 506
327 47
327 110
327 306
334 334
334 496
335 74
335 185
335 265
335 355
336 292
337 68
337 183
337 240
337 397
337 398
337 484
337 491
339 63
341 21
341 40
341 61
341 124
341 280
341 301
341 303
341 324
341 354
341 363
341 393
341 401
341 405
341 475
343 341
343 372
345 4
345 213
345 393
346 65
346 66
346 169
349 306
349 450
350 37
350 65
350 212
350 294
350 470
354 121
354 212
354 282
354 307
354 325
354 364
354 491
355 7
355 66
355 99
355 110
355 197
355 299
359 110
359 197
363 171
363 212
364 15
364 122
364 225
364 235
364 256
364 282
364 297
364 363
364 393
366 11
366 74
366 96
366 142
366 157
366 223
366 364
366 393
368 292
368 297
369 131
370 60
370 133
370 265
370 306
370 324
372 4
372 63
372 86
372 111
372 179
372 183
372 208
372 383
372 391
372 394
372 452
372 493
377 114
377 130
377 175
377 198
377 270
377 372
377 452
377 487
377 495
381 197
381 223
381 265
381 294
381 297
381 301
381 366
381 389
383 74
383 297
383 307
383 433
385 294
385 372
387 120
387 187
387 282
389 46
389 294
389 301
389 306
389 400
389 507
389 508
393 265
393 364
393 389
393 401
393 410
394 133
394 372
395 450
398 169
398 212
398 315
398 387
398 487
400 131
400 306
401 15
401 47
401 52
401 70
401 108
401 208
401 234
401 241
404 60
404 297
404 372
404 508
405 292
406 7
406 31
406 177
406 220
406 433
408 16
408 66
408 108
408 175
408 208
408 408
408 460
409 40
409 56
409 65
409 111
409 191
409 292
409 372
410 87
410 315
410 487
418 21
418 66
418 308
418 341
418 349
418 409
419 66
419 389
421 32
421 372
424 306
426 175
427 65
427 178
432 111
432 237
432 349
432 352
433 16
433 111
433 141
433 207
433 254
433 314
433 355
433 405
434 49
434 121
434 381
438 69
438 97
438 123
438 178
438 179
438 294
438 363
444 508
448 169
448 183
448 268
450 0
450 31
450 37
450 67
450 86
450 179
450 188
450 192
450 233
450 258
450 300
450 373
450 391
450 420
450 444
452 194
452 246
452 294
452 304
452 354
452 372
452 475
452 508
454 306
454 372
455 496
459 171
460 49
460 56
460 87
460 114
460 246
460 297
460 420
461 212
463 282
464 292
464 306
465 450
475 21
475 120
475 194
475 270
475 287
475 341
475 397
475 460
475 494
476 261
476 288
476 304
480 297
484 246
486 496
489 4
489 63
489 165
489 292
491 110
491 242
491 243
491 288
491 307
491 476
491 491
495 178
495 364
496 99
496 121
496 177
496 252
496 281
496 323
496 333
496 346
496 381
496 397
496 420
496 489
504 122
504 198
504 268
505 108
505 131
505 171
506 60
506 87
506 191
506 213
506 324
506 515
507 53
507 56
507 131
507 177
507 460
508 1
508 16
508 65
508 66
508 187
508 254
508 268
508 270
508 288
508 303
508 304
508 306
508 341
508 346
508 359
508 373
508 387
508 401
508 439
508 470
511 65
511 126
511 197
511 345
511 389
513 237
514 172
515 63
